0.860361 73
6.277294 1
0.109856 1
0.190984 1
0.173487 1
0.403545 2
0.003676 81
0.318296 81
0.471152 73
6.846640 1
0.066477 1
0.234844 1
0.235292 1
0.163492 1
0.232181 3
0.267721 1
0.560975 1
0.214510 1
0.318450 1
0.171791 1
0.236852 1
0.213460 1
0.275693 1
9.839148 1
0.218205 1
0.134032 1
0.088822 1
0.190227 1
0.586644 1
0.127733 1
0.119472 1
0.559393 1
0.250392 1
0.348036 1
0.158919 1
0.366987 1
0.314483 1
0.359984 2
0.001791 13
1.959476 1
0.282322 1
0.065217 1
0.306428 1
0.502069 1
0.146205 1
0.766138 3
0.140256 3
0.711059 1
0.132791 1
0.209520 1
0.128278 1
0.230766 1
0.252551 2
0.001002 13
2.305939 1
0.289972 1
0.159257 1
0.449982 1
0.092650 1
0.228633 1
0.114915 1
0.149875 1
0.376340 1
1.553218 2
0.000033 30
0.000437 13
0.748603 1
0.433692 1
0.188107 1
1.615671 1
0.229386 1
0.205074 1
0.155974 1
0.217330 1
0.231617 1
0.318335 2
0.000066 30
0.000516 13
1.344654 1
0.442669 1
0.191425 1
0.181016 1
0.159802 1
0.250463 1
0.368335 1
0.263271 1
0.159218 1
0.277592 2
0.000429 13
1.106201 1
0.322787 1
0.153715 1
0.170198 1
0.115355 1
0.225939 1
0.360716 1
0.305311 1
0.179159 1
0.419927 2
0.000659 13
0.387167 1
0.508966 1
0.192678 1
0.312923 1
0.124932 1
0.209828 1
0.128516 1
0.197709 1
0.582791 1
0.354357 2
0.000922 13
0.729171 1
0.342847 1
0.750972 3
0.227390 3
0.755024 1
0.261193 1
0.135915 1
0.291833 1
0.529088 1
0.163182 1
0.274862 1
0.161279 1
0.339169 1
1.837312 1
4.725846 3
0.402653 2
0.000493 8
0.000246 13
9.044382 1
0.280846 1
0.250080 1
0.593258 1
0.471800 1
0.204024 1
0.142013 1
0.178584 1
0.218268 1
0.359062 2
0.000421 13
1.651809 1
0.293243 1
0.291883 1
0.204672 1
0.172704 2
0.000525 14
0.000252 13
5.157837 1
0.286918 1
0.294331 1
0.123555 1
0.181127 1
0.454492 1
0.254261 2
0.000049 42
1.283249 1
0.476891 1
0.096888 1
0.158232 1
0.186793 1
0.110787 1
0.252909 1
0.410906 1
0.159028 1
0.166965 1
0.129073 1
0.212605 1
0.190563 1
0.686855 1
0.647031 1
0.175923 1
0.164820 1
0.431881 2
0.000883 13
3.309719 1
0.319954 1
0.192023 1
0.187108 1
0.162731 1
8.792808 1
0.617391 2
0.000058 42
0.494678 1
0.551483 1
0.171080 1
0.257533 1
0.110028 1
0.203354 1
0.100965 1
0.141234 1
0.158294 1
0.100862 1
0.133938 1
0.145367 1
0.101626 1
0.151923 1
0.563430 3
0.283876 1
0.235831 1
0.092776 1
0.701131 3
0.152911 3
0.797013 1
0.101858 1
0.515621 1
1.601402 1
0.199826 1
0.251908 1
0.475347 2
0.000380 13
6.610877 1
0.326025 1
0.212457 1
0.217778 1
0.154809 1
0.262703 1
0.460902 2
0.000053 42
1.187020 1
0.177858 1
0.194469 1
0.114640 1
0.138026 1
0.123425 1
0.112162 1
0.826186 1
0.221488 1
0.205010 1
0.343837 1
0.102300 1
0.203363 1
0.189203 1
0.084426 1
0.276676 1
0.232005 1
0.233850 1
0.137657 1
0.788450 1
0.890439 1
0.162920 1
0.168234 1
0.325664 2
0.000777 13
2.756363 1
0.310128 1
0.179342 1
0.170584 1
0.132011 1
0.250515 1
0.425999 2
0.000044 42
0.427106 1
0.512979 1
0.114839 1
0.304175 1
0.655127 1
0.110064 1
0.232900 1
0.093116 1
0.102272 1
0.569256 1
0.326652 1
0.456532 1
0.845965 1
0.365816 3
0.105072 1
0.214615 1
0.339065 1
0.179141 1
0.620497 1
0.771871 1
0.519989 3
0.400381 1
0.181621 1
0.153811 1
0.355042 2
0.000777 13
8.035886 1
0.446357 1
0.253541 1
0.206978 1
0.182628 1
1.021279 1
0.583607 2
0.000049 42
1.798397 1
0.346955 1
0.612356 1
0.602911 1
1.817531 1
0.220828 1
0.320138 1
0.367190 2
0.000385 16
0.000271 13
2.211870 1
0.529754 1
0.259802 1
0.119122 1
0.432208 2
0.000335 13
2.423260 1
0.447050 1
0.210482 1
0.849440 1
0.220542 1
0.225735 1
0.158906 1
0.196853 1
0.290466 1
0.262747 2
0.000542 13
1.963341 1
0.268564 1
0.195266 1
0.187853 1
0.160772 2
0.000404 19
0.000177 13
0.412202 1
0.264808 1
0.192333 1
0.194809 1
0.169230 2
0.000394 25
0.000207 13
0.493314 1
0.472317 1
0.187195 1
0.270784 1
0.260581 2
0.000491 14
0.000214 13
1.445666 1
0.336006 1
0.263476 1
0.202089 1
0.382620 2
0.000509 13
0.389657 1
0.355393 1
0.587437 1
0.561623 1
0.167009 1
0.205131 1
0.146273 1
0.187766 1
0.656126 1
0.242789 2
0.000396 13
0.969369 1
2.787388 1
0.254950 1
0.328783 1
0.289257 2
0.000349 19
0.000173 13
0.728829 1
0.437119 1
0.375998 1
0.140746 1
1.454997 1
0.204059 1
0.301455 2
0.000746 17
0.000273 13
1.914712 1
0.240325 1
0.263551 1
0.186259 1
0.240128 2
0.000204 14
0.000135 13
6.309555 1
0.336813 1
0.245651 1
0.133047 1
0.260840 2
0.000627 13
0.413138 1
0.389157 1
0.261823 1
0.623985 1
0.179830 1
0.181012 1
0.154963 1
0.227376 1
0.440721 1
0.408585 2
0.000630 13
0.825526 1
0.238913 1
0.188226 1
0.193664 1
0.191610 2
0.000579 22
0.000272 13
0.429190 1
0.342065 1
0.247108 1
0.312062 1
0.209690 2
0.000455 22
0.000227 13
1.150978 1
0.330922 1
0.246476 1
0.176781 1
0.180071 2
0.000427 14
0.000228 13
0.484931 1
0.584059 1
0.246617 1
0.137390 1
0.261812 2
0.000554 13
0.481909 1
0.301799 1
0.262957 1
0.522107 1
0.219779 1
0.230178 1
0.188968 1
0.331969 1
0.376067 1
0.159542 2
0.000367 13
1.061312 1
0.315103 1
0.165098 1
0.123690 1
0.277257 1
0.278567 1
0.320787 2
0.000667 17
0.000228 13
1.104547 1
0.398112 1
0.238630 1
0.698896 3
0.163573 3
0.337838 3
0.843384 1
0.271892 1
0.241992 1
0.177167 1
0.414590 2
0.000442 22
0.000271 13
1.969476 1
0.333242 1
0.288771 1
0.995760 1
0.196110 2
0.000403 14
0.000258 13
1.200493 1
0.346327 1
0.204771 1
0.551023 3
0.141926 3
0.134753 3
0.341722 1
0.397651 1
0.222691 1
0.106212 1
0.327358 2
0.000521 13
0.419331 1
0.394539 1
0.258287 1
0.613077 1
0.137945 1
0.258728 1
0.160305 1
0.249050 1
0.487566 1
0.194268 2
0.000705 13
0.929633 1
0.267854 1
0.191154 1
0.247882 1
1.361334 2
0.000397 22
0.000221 13
0.607246 1
0.485489 1
0.343186 1
0.828904 1
4.066559 2
0.000447 14
0.000223 13
1.086910 1
0.503058 1
0.464524 1
0.223716 1
1.559630 2
0.000666 13
1.102514 1
1.191959 1
0.096819 1
0.218632 1
0.457460 2
0.001823 73
23.215420 1
0.295125 1
0.190301 1
0.209147 1
0.355562 2
0.000159 6
