10101010101010101010101010
10101010101010101011101010
10101010101010101010111010
10101010101110101010101010
10101010101010111010101010
10101010101010101010101010
10101010101010101011101010
10101010101010101010111010
10101010101110101010101010
10101010101010111010101010
10101010101010101010101010
10101010101010101011101010
10101010101010101010111010
10101010101110101010101010
10101010101010111010101010
10101010101010101010101010
10101010101010101011101010
10101010101010101010111010
10101010101110101010101010
10101010101010111010101010
10101010101010101010101010
10101010101010101011101010
10101010101010101010111010
10101010101110101010101010
10101010101010111010101010
10101010101010101010101010
10101010101010101011101010
10101010101010101010111010
10101010101110101010101010
10101010101010111010101010
10101010101010101010101010
10101010101010101011101010
10101010101010101010111010
10101010101110101010101010
10101010101010111010101010
10101010101010101010101010
10101010101010101011101010
10101010101010101010111010
10101010101110101010101010
10101010101010111010101010
10101010101010101010101010
10101010101010101011101010
10101010101010101010111010
10101010101110101010101010
10101010101010111010101010
10101010101010101010101010
10101010101010101011101010
10101010101010101010111010
10101010101110101010101010
10101010101010111010101010
10101010101010101010101010
10101010101010101011101010
10101010101010101010111010
10101010101110101010101010
10101010101010111010101010
