0.645271 81
0.906227 1
0.114076 1
0.188938 1
0.119042 1
0.279020 2
0.002042 49
0.894949 81
2.094835 1
0.000023 1
0.000012 1
0.000030 1
0.000023 1
0.000026 1
0.000026 1
0.000027 1
0.000026 1
0.000027 1
0.000027 1
0.000027 1
0.000038 1
0.000030 1
0.000030 1
0.000030 1
0.000031 1
0.000031 1
0.000031 1
0.000032 1
0.000032 1
0.000032 1
0.000032 1
0.000033 1
0.000033 1
0.000033 1
0.000033 1
0.000034 1
0.000034 1
0.000034 1
0.000035 1
0.000036 1
0.000035 1
0.000036 1
0.000035 1
0.000037 1
0.000036 1
0.000057 1
0.000037 1
0.000038 1
0.000038 1
0.602927 2
0.230544 249
0.000025 44
0.000008 89
0.000007 32
0.000457 81
17.791518 1
0.284598 1
0.153414 1
0.739060 1
0.213232 2
0.000167 6
