0,16,18,2,0.500000,0,10.940000,0.048000
0,16,18,2,0.500000,1,10.900000,0.090000
0,16,18,2,0.500000,2,11.200000,0.200000
0,16,18,2,5.000000,0,10.960000,0.042000
0,16,18,2,5.000000,1,11.140000,0.090000
0,16,18,2,5.000000,2,9.820000,0.240000
0,16,18,50,0.500000,0,11.060000,0.042000
0,16,18,50,0.500000,1,11.180000,0.090000
0,16,18,50,0.500000,2,11.220000,0.200000
0,16,18,50,5.000000,0,11.280000,0.040000
0,16,18,50,5.000000,1,11.220000,0.090000
0,16,18,50,5.000000,2,11.200000,0.200000
0,16,3,2,0.500000,0,11.040000,0.042000
0,16,3,2,0.500000,1,10.880000,0.090000
0,16,3,2,0.500000,2,11.080000,0.200000
0,16,3,2,5.000000,0,11.080000,0.044000
0,16,3,2,5.000000,1,11.140000,0.090000
0,16,3,2,5.000000,2,11.080000,0.200000
0,16,3,50,0.500000,0,11.300000,0.040000
0,16,3,50,0.500000,1,11.220000,0.090000
0,16,3,50,0.500000,2,11.220000,0.200000
0,16,3,50,5.000000,0,9.404000,0.072000
0,16,3,50,5.000000,1,11.260000,0.090000
0,16,3,50,5.000000,2,11.000000,0.200000
0,256,18,2,0.500000,0,11.120000,0.044000
0,256,18,2,0.500000,1,11.260000,0.090000
0,256,18,2,0.500000,2,11.220000,0.200000
0,256,18,2,5.000000,0,11.240000,0.040000
0,256,18,2,5.000000,1,11.120000,0.090000
0,256,18,2,5.000000,2,11.160000,0.200000
0,256,18,50,0.500000,0,11.280000,0.040000
0,256,18,50,0.500000,1,11.280000,0.090000
0,256,18,50,0.500000,2,11.220000,0.200000
0,256,18,50,5.000000,0,11.260000,0.040000
0,256,18,50,5.000000,1,11.220000,0.090000
0,256,18,50,5.000000,2,11.100000,0.200000
0,256,3,2,0.500000,0,11.200000,0.040000
0,256,3,2,0.500000,1,11.240000,0.090000
0,256,3,2,0.500000,2,11.220000,0.200000
0,256,3,2,5.000000,0,11.280000,0.040000
0,256,3,2,5.000000,1,11.220000,0.090000
0,256,3,2,5.000000,2,11.200000,0.200000
0,256,3,50,0.500000,0,11.220000,0.042000
0,256,3,50,0.500000,1,11.220000,0.090000
0,256,3,50,0.500000,2,11.220000,0.200000
0,256,3,50,5.000000,0,11.240000,0.040000
0,256,3,50,5.000000,1,9.642000,0.132000
0,256,3,50,5.000000,2,134.760000,0.820000
1,16,18,2,0.500000,0,11.220000,0.040000
1,16,18,2,0.500000,1,11.260000,0.090000
1,16,18,2,0.500000,2,11.200000,0.200000
1,16,18,2,5.000000,0,11.220000,0.040000
1,16,18,2,5.000000,1,9.644000,0.132000
1,16,18,2,5.000000,2,11.220000,0.200000
1,16,18,50,0.500000,0,11.300000,0.040000
1,16,18,50,0.500000,1,10.720000,0.094000
1,16,18,50,0.500000,2,11.160000,0.200000
1,16,18,50,5.000000,0,11.240000,0.040000
1,16,18,50,5.000000,1,10.814000,0.092000
1,16,18,50,5.000000,2,11.040000,0.200000
1,16,3,2,0.500000,0,10.838000,0.044000
1,16,3,2,0.500000,1,11.220000,0.090000
1,16,3,2,0.500000,2,11.060000,0.200000
1,16,3,2,5.000000,0,11.240000,0.040000
1,16,3,2,5.000000,1,9.620000,0.132000
1,16,3,2,5.000000,2,11.220000,0.200000
1,16,3,50,0.500000,0,11.200000,0.042000
1,16,3,50,0.500000,1,11.100000,0.090000
1,16,3,50,0.500000,2,11.100000,0.200000
1,16,3,50,5.000000,0,11.120000,0.044000
1,16,3,50,5.000000,1,11.180000,0.090000
1,16,3,50,5.000000,2,10.860000,0.200000
1,256,18,2,0.500000,0,10.940000,0.048000
1,256,18,2,0.500000,1,11.080000,0.090000
1,256,18,2,0.500000,2,10.940000,0.200000
1,256,18,2,5.000000,0,11.260000,0.040000
1,256,18,2,5.000000,1,10.840000,0.092000
1,256,18,2,5.000000,2,10.692000,0.200000
1,256,18,50,0.500000,0,10.820000,0.046000
1,256,18,50,0.500000,1,11.160000,0.090000
1,256,18,50,0.500000,2,10.800000,0.200000
1,256,18,50,5.000000,0,9.366000,0.074000
1,256,18,50,5.000000,1,11.260000,0.090000
1,256,18,50,5.000000,2,9.842000,0.240000
1,256,3,2,0.500000,0,11.300000,0.040000
1,256,3,2,0.500000,1,11.260000,0.090000
1,256,3,2,0.500000,2,11.240000,0.200000
1,256,3,2,5.000000,0,11.280000,0.040000
1,256,3,2,5.000000,1,11.020000,0.092000
1,256,3,2,5.000000,2,9.930000,0.240000
1,256,3,50,0.500000,0,11.260000,0.040000
1,256,3,50,0.500000,1,11.220000,0.090000
1,256,3,50,0.500000,2,11.180000,0.200000
1,256,3,50,5.000000,0,11.280000,0.040000
1,256,3,50,5.000000,1,11.160000,0.090000
1,256,3,50,5.000000,2,11.220000,0.200000
