0.458314 82
1.375759 1
0.114451 1
0.125528 1
0.145776 1
0.217658 2
0.004053 81
0.719833 87
1.268959 82
4.458270 4
0.418189 74
1.404323 456
41.411586 47
0.000073 191
0.001300 82
7.022251 70
0.338718 450
0.501029 1
0.030409 1
0.029209 1
0.031158 1
0.029526 1
0.029473 1
0.030080 1
0.030055 1
0.029941 1
0.030184 1
0.029478 1
0.030700 1
0.030479 1
0.029981 1
0.030540 1
0.030960 1
0.030783 1
0.029097 1
0.030403 1
0.030662 1
0.029153 1
0.030208 1
0.029890 1
0.029877 1
0.029975 1
0.031206 1
0.028719 1
0.030583 1
0.030666 1
0.030118 1
0.030397 1
0.030134 1
0.030987 1
0.030210 1
0.030391 1
0.029763 1
0.199634 1
0.131419 1
0.461755 7
0.000034 337
0.173005 5
0.155737 5
0.349997 5
0.309475 3
0.499177 3
0.029457 3
0.032271 3
0.029395 3
0.028437 3
0.029406 3
0.030420 3
0.029315 3
0.029976 3
0.030793 3
0.030921 3
0.029880 3
0.029400 3
0.030340 3
0.030344 3
0.029951 3
0.029668 3
0.029167 3
0.031228 3
0.184969 3
0.269992 1
0.735840 5
1.024106 5
0.073690 3
0.500535 3
0.029902 3
0.029830 3
0.030311 3
0.030335 3
0.030098 3
0.029983 3
0.029849 3
0.030284 3
0.029851 3
0.029586 3
0.031161 3
0.030411 3
0.029854 3
0.030562 3
0.211020 3
0.194344 3
0.384508 7
0.110925 3
0.569400 1
0.502630 1
0.030190 1
0.029126 1
0.030791 1
0.030776 1
0.029925 1
0.029582 1
0.030070 1
0.030282 1
0.030386 1
0.029122 1
0.030464 1
0.030421 1
0.022398 3
0.501932 3
0.030082 3
0.031513 3
0.028741 3
0.029498 3
0.030220 3
0.030332 3
0.030667 3
0.030066 3
0.030635 3
0.030562 3
0.030177 3
0.210952 3
0.152592 3
0.360517 1
0.655991 1
0.237522 1
5.758219 2
0.029706 8
0.000025 1
0.000026 22
0.000014 1
0.000015 13
0.000017 1
0.000018 21
0.000020 2
0.025461 8
0.000021 1
0.000014 22
0.000014 1
0.000011 13
0.000029 24
0.026013 8
0.000025 1
0.000016 22
0.000014 1
0.000014 13
0.000022 22
0.000024 2
0.026047 8
0.000093 1
0.000144 61
0.025588 8
0.000021 1
0.000015 23
0.000014 14
0.000030 24
0.025979 8
0.000025 1
0.000016 23
0.000012 1
0.000033 36
0.025930 8
0.000030 1
0.000013 23
0.000025 38
0.025951 8
0.000024 1
0.000017 23
0.000016 1
0.000023 37
0.025922 8
0.000023 1
0.000015 23
0.000012 1
0.000021 37
0.025972 32
0.000021 37
0.026144 34
0.000021 37
0.025840 33
0.000017 38
0.026446 48
0.000111 23
0.025515 33
0.000022 38
0.025956 33
0.000019 38
0.026139 47
0.000027 23
0.025916 33
0.000023 38
0.026062 32
0.000023 38
0.025958 32
0.000015 38
0.025947 32
0.000020 37
0.026039 33
0.000022 37
0.026229 33
0.000021 38
0.025799 33
0.000020 38
0.026059 34
0.000022 37
0.025973 34
0.000020 37
0.026247 71
0.025751 33
0.000019 37
0.026030 33
0.000020 38
0.026082 33
0.000024 38
0.025857 10
0.000016 60
0.026824 70
0.025294 34
0.000022 37
0.025949 10
0.000015 61
0.026026 34
0.000020 37
0.026008 33
0.000020 37
0.026579 71
0.025487 33
0.000019 38
0.026725 71
0.025277 35
0.000021 37
0.025980 34
0.000016 38
0.025999 35
0.000020 37
0.026017 35
0.000019 37
0.026034 35
0.000022 37
0.025932 10
0.000018 62
0.026032 34
0.000021 38
0.026015 35
0.000019 37
0.025981 34
0.000016 38
0.026148 35
0.000027 37
0.026202 71
0.025730 9
0.000026 1
0.000015 24
0.000014 1
0.000014 13
0.000013 1
0.000014 21
0.000014 2
0.025898 9
0.000021 1
0.000014 24
0.000013 1
0.000013 13
0.000014 1
0.000013 21
0.000014 2
0.025897 34
0.000017 38
0.026001 34
0.000020 38
0.026914 72
0.025052 10
0.000015 62
0.026734 72
0.025380 34
0.000021 38
0.026155 35
0.000028 37
0.025852 33
0.000017 38
0.026045 33
0.000020 38
0.026017 34
0.000041 37
0.025897 10
0.000014 59
0.000008 2
0.026767 72
0.025332 35
0.000022 37
0.026193 72
0.025812 34
0.000019 38
0.026029 35
0.000023 36
0.025987 35
0.000020 37
0.025987 34
0.000019 38
0.025991 34
0.000019 38
0.026020 34
0.000021 38
0.025989 34
0.000020 38
0.026072 35
0.000020 37
0.025939 34
0.000020 38
0.027630 9
0.000023 1
0.000014 23
0.000014 1
0.000013 12
0.000015 22
0.000022 2
0.024512 9
0.000028 1
0.000015 24
0.000015 1
0.000014 13
0.000014 1
0.000015 21
0.000027 2
0.025657 9
0.000023 1
0.000014 24
0.000014 1
0.000011 13
0.000028 24
0.025951 9
0.000023 1
0.000015 24
0.000014 1
0.000014 14
0.000027 23
0.026761 9
0.000062 1
0.000017 24
0.000016 1
0.000016 13
0.000018 1
0.000042 21
0.000020 2
0.024978 9
0.000019 1
0.000014 24
0.000094 1
0.000015 13
0.000013 1
0.000014 21
0.000013 2
0.025874 9
0.000022 1
0.000015 24
0.000014 1
0.000014 13
0.000013 1
0.000014 21
0.000014 2
0.025921 9
0.000024 1
0.000015 24
0.000014 1
0.000013 13
0.000014 1
0.000020 21
0.000100 2
0.025826 9
0.000025 1
0.000014 24
0.000014 1
0.000014 12
0.000014 22
0.000022 2
0.025873 9
0.000022 1
0.000014 24
0.000014 1
0.000014 14
0.000025 23
0.025970 9
0.000024 1
0.000015 24
0.000014 1
0.000040 14
0.000028 23
0.026066 9
0.000064 1
0.000018 24
0.000017 1
0.000017 12
0.000016 1
0.000016 21
0.000016 2
0.025997 9
0.000024 1
0.000015 24
0.000014 1
0.000014 12
0.000021 1
0.000016 21
0.000014 2
0.025575 9
0.000021 1
0.000015 24
0.000013 1
0.000014 13
0.000013 1
0.000020 21
0.000015 2
0.026085 9
0.000030 1
0.000015 24
0.000014 1
0.000014 13
0.000013 1
0.000014 21
0.000015 2
0.025782 9
0.000025 1
0.000014 24
0.000014 1
0.000014 13
0.000014 22
0.000025 2
0.025833 9
0.000020 1
0.000014 24
0.000013 1
0.000014 13
0.000014 22
0.000024 2
0.026004 9
0.000027 1
0.000015 24
0.000014 1
0.000017 35
0.000030 2
0.025911 9
0.000024 1
0.000015 24
0.000012 1
0.000045 37
0.025895 9
0.000023 1
0.000016 24
0.000014 1
0.000014 13
0.000014 1
0.000014 21
0.000022 2
0.025884 9
0.000024 1
0.000014 24
0.000014 1
0.000014 14
0.000025 23
0.025957 9
0.000024 1
0.000015 24
0.000013 1
0.000014 13
0.000014 22
0.000022 2
0.026717 9
0.000027 1
0.000015 24
0.000028 1
0.000015 13
0.000031 24
0.025106 9
0.000023 1
0.000015 24
0.000014 1
0.000014 12
0.000018 24
0.025897 9
0.000020 1
0.000015 24
0.000014 1
0.000014 12
0.000026 24
0.025962 9
0.000025 1
0.000016 24
0.000014 1
0.000021 37
0.026000 10
0.000025 1
0.000015 22
0.000015 1
0.000014 13
0.000031 24
0.025878 10
0.000025 1
0.000014 24
0.000014 1
0.000012 13
0.000028 24
0.025896 10
0.000021 1
0.000015 24
0.000014 1
0.000014 13
0.000025 23
0.026816 10
0.000107 1
0.000051 24
0.000040 1
0.000035 13
0.000029 1
0.000086 23
0.024875 10
0.000026 1
0.000016 23
0.000015 1
0.000014 13
0.000029 24
0.025878 10
0.000023 1
0.000016 23
0.000014 1
0.000015 13
0.000028 24
0.025901 10
0.000023 1
0.000016 23
0.000013 1
0.000012 13
0.000029 24
0.025996 10
0.000027 1
0.000016 24
0.000015 1
0.000014 13
0.000018 24
0.025929 10
0.000025 1
0.000015 24
0.000015 1
0.000014 13
0.000017 22
0.000027 2
0.026212 10
0.000087 1
0.000050 24
0.000022 1
0.000042 37
0.025439 10
0.000022 1
0.000015 24
0.000014 1
0.000014 13
0.000012 1
0.000025 23
0.025960 10
0.000026 1
0.000016 24
0.000014 1
0.000012 12
0.000029 24
0.025919 10
0.000026 1
0.000016 24
0.000014 1
0.000014 12
0.000029 24
0.026001 10
0.000031 1
0.000015 24
0.000016 1
0.000012 13
0.000040 24
0.025858 10
0.000026 1
0.000015 24
0.000015 1
0.000014 13
0.000037 24
0.025878 10
0.000026 1
0.000015 24
0.000014 1
0.000012 13
0.000029 24
0.026436 10
0.000086 1
0.000044 24
0.000057 1
0.000016 13
0.000013 1
0.000015 21
0.000014 2
0.025244 10
0.000022 1
0.000015 24
0.000014 1
0.000012 12
0.000028 24
0.025956 10
0.000026 1
0.000016 24
0.000015 1
0.000012 13
0.000029 24
0.026764 10
0.000090 1
0.000061 23
0.000059 1
0.000041 13
0.000047 22
0.000104 2
0.025053 10
0.000128 1
0.000106 62
0.025516 10
0.000023 1
0.000015 24
0.000015 1
0.000014 13
0.000014 22
0.000022 2
0.025934 10
0.000025 1
0.000015 24
0.000015 1
0.000017 14
0.000032 23
0.025927 10
0.000027 1
0.000017 24
0.000014 1
0.000018 14
0.000027 23
0.025883 10
0.000022 1
0.000015 24
0.000014 1
0.000014 13
0.000035 24
0.025949 10
0.000025 1
0.000016 24
0.000014 1
0.000018 14
0.000027 23
0.026999 10
0.000097 1
0.000048 24
0.000044 1
0.000049 12
0.000073 1
0.000030 21
0.000051 2
0.024907 10
0.000028 1
0.000018 24
0.000016 1
0.000015 13
0.000023 1
0.000033 21
0.000032 2
0.025501 8
0.000021 1
0.000016 24
0.000014 1
0.000014 13
0.000014 1
0.000014 21
0.000015 2
0.025957 8
0.000029 1
0.000016 24
0.000021 1
0.000014 13
0.000018 22
0.000026 2
0.025874 8
0.000027 1
0.000015 24
0.000015 1
0.000014 13
0.000028 24
0.025869 8
0.000019 1
0.000014 24
0.000016 1
0.000014 13
0.000011 1
0.000028 23
0.025978 8
0.000036 1
0.000017 24
0.000015 1
0.000014 13
0.000018 24
0.025922 8
0.000028 1
0.000017 24
0.000017 1
0.000015 12
0.000127 24
0.026091 8
0.000089 63
0.025626 8
0.000020 1
0.000015 24
0.000013 1
0.000014 13
0.000013 1
0.000014 21
0.000022 2
0.025949 8
0.000023 1
0.000015 24
0.000014 1
0.000014 13
0.000013 1
0.000014 21
0.000014 2
0.026649 8
0.000054 1
0.000017 24
0.000016 1
0.000016 13
0.000015 1
0.000015 21
0.000018 2
0.025085 10
0.000016 62
0.026052 35
0.000021 37
0.025999 34
0.000020 38
0.025994 35
0.000020 37
0.025977 34
0.000014 38
0.026037 35
0.000021 34
0.026834 49
0.000070 23
0.025713 34
0.000020 38
0.025437 33
0.000021 38
0.025969 33
0.000021 38
0.026035 34
0.000024 37
0.025953 34
0.000020 37
0.026013 34
0.000019 36
0.026856 72
0.025376 35
0.000021 37
0.025804 34
0.000020 38
0.026040 35
0.000020 37
0.025985 34
0.000019 38
0.026223 34
0.000021 38
0.025762 34
0.000017 38
0.026061 34
0.000021 38
0.025977 35
0.000020 37
0.025981 34
0.000017 38
0.026076 71
0.026125 34
0.000019 38
0.025865 35
0.000021 37
0.026021 72
0.025969 35
0.000020 37
0.026011 35
0.000019 37
0.026064 35
0.000021 37
0.025952 34
0.000020 37
0.026765 72
0.025298 35
0.000021 36
0.025985 35
0.000022 37
0.025977 34
0.000019 38
0.026032 34
0.000021 38
0.026019 34
0.000021 38
0.025935 10
0.000013 60
0.000008 2
0.026031 34
0.000020 38
0.026007 34
0.000021 38
0.026447 35
0.000076 37
0.025467 34
0.000017 38
0.026039 34
0.000020 38
0.026011 34
0.000021 37
0.025938 10
0.000017 62
0.026773 70
0.000097 2
0.025220 34
0.000020 38
0.025973 34
0.000018 38
0.026173 47
0.000025 24
0.025848 35
0.000020 37
0.026448 72
0.025566 34
0.000019 38
0.026023 33
0.000021 38
0.026014 47
0.000021 24
0.025983 33
0.000022 38
0.025984 33
0.000021 38
0.026694 72
0.025800 34
0.000020 38
0.025527 34
0.000019 38
0.026035 34
0.000020 38
0.025988 34
0.000020 38
0.025966 9
0.000022 1
0.000015 24
0.000014 1
0.000013 13
0.000028 24
0.025977 9
0.000022 1
0.000014 24
0.000014 1
0.000017 35
0.000023 2
0.026591 9
0.000056 1
0.000019 24
0.000015 1
0.000016 13
0.000016 1
0.000016 21
0.000022 2
0.025417 9
0.000031 1
0.000015 24
0.000014 1
0.000015 13
0.000011 1
0.000035 23
0.025665 9
0.000023 1
0.000014 24
0.000015 1
0.000013 13
0.000027 24
0.025935 9
0.000024 1
0.000015 24
0.000019 1
0.000021 37
0.025992 9
0.000024 1
0.000015 24
0.000013 1
0.000014 13
0.000012 1
0.000026 23
0.025858 9
0.000024 1
0.000014 24
0.000014 1
0.000017 14
0.000025 23
0.025952 9
0.000022 1
0.000014 24
0.000014 1
0.000013 13
0.000028 24
0.026835 9
0.000054 1
0.000017 24
0.000015 1
0.000015 13
0.000016 1
0.000015 21
0.000018 2
0.025196 9
0.000158 63
0.025625 9
0.000021 1
0.000014 24
0.000014 1
0.000014 13
0.000011 1
0.000025 23
0.025960 9
0.000024 1
0.000014 24
0.000015 1
0.000013 13
0.000014 1
0.000026 23
0.025907 9
0.000024 1
0.000014 24
0.000014 1
0.000014 13
0.000018 24
0.025910 35
0.000019 37
0.026032 34
0.000021 38
0.026830 72
0.025201 34
0.000020 38
0.025971 34
0.000019 38
0.026075 47
0.000027 24
0.025954 34
0.000020 38
0.026370 69
0.000048 2
0.025579 34
0.000052 38
0.026004 34
0.000020 38
0.025984 34
0.000021 38
0.025976 35
0.000021 37
0.026029 34
0.000021 38
0.026654 72
0.025613 34
0.000024 37
0.025732 35
0.000020 38
0.026033 35
0.000020 38
0.026009 36
0.000022 37
0.025982 36
0.000021 37
0.026021 35
0.000021 38
0.026789 73
0.025291 34
0.000020 38
0.025961 11
0.000017 61
0.026022 35
0.000021 38
0.026017 35
0.000020 38
0.025978 35
0.000018 38
0.026028 35
0.000021 38
0.026028 35
0.000021 38
0.026110 36
0.000021 37
0.025835 35
0.000019 38
0.026167 49
0.000030 24
0.025853 35
0.000021 38
0.025985 36
0.000019 37
0.026041 35
0.000020 38
0.025991 36
0.000020 37
0.025991 35
0.000020 38
0.025992 35
0.000021 38
0.026001 35
0.000020 38
0.026661 73
0.025766 73
0.025630 21
0.000019 51
0.026027 36
0.000021 37
0.025977 36
0.000019 37
0.025962 33
0.000017 38
0.026054 33
0.000021 35
0.026709 71
0.025912 34
0.000039 37
0.025379 33
0.000018 37
0.026013 33
0.000020 38
0.026041 47
0.000025 24
0.025935 33
0.000018 38
0.026020 33
0.000020 38
0.026788 71
0.025222 34
0.000019 38
0.026103 34
0.000020 38
0.026074 35
0.000020 36
0.025878 48
0.000025 24
0.026042 35
0.000050 37
0.025887 10
0.000019 62
0.026779 48
0.000125 24
0.025163 34
0.000021 38
0.026613 71
0.025452 71
0.025978 33
0.000021 38
0.025995 33
0.000020 38
0.026003 34
0.000023 37
0.026001 34
0.000019 38
0.026011 34
0.000021 38
0.026028 34
0.000022 38
0.025911 34
0.000017 38
0.026735 9
0.000020 61
0.000011 2
0.025348 34
0.000022 38
0.026201 49
0.000029 23
0.025734 34
0.000019 38
0.026036 34
0.000022 38
0.026034 35
0.000023 37
0.025936 34
0.000018 38
0.026033 34
0.000020 38
0.025999 34
0.000020 38
0.026259 34
0.000031 38
0.025715 34
0.000020 38
0.026019 35
0.000020 37
0.026008 35
0.000021 37
0.025976 34
0.000018 38
0.026012 35
0.000021 37
0.026019 34
0.000021 38
0.026335 34
0.000031 38
0.025831 49
0.000031 23
0.025811 34
0.000021 38
0.025990 34
0.000022 38
0.026005 34
0.000019 38
0.025977 34
0.000022 37
0.026011 35
0.000021 37
0.026394 47
0.000028 24
0.025586 34
0.000016 38
0.027160 71
0.024930 72
0.027287 9
0.000032 1
0.000047 23
0.000046 1
0.000086 33
0.024496 34
0.000020 38
0.026037 34
0.000021 37
0.026283 35
0.000092 37
0.025583 34
0.000018 38
0.026754 70
0.000088 2
0.025272 48
0.000024 24
0.026290 34
0.000039 38
0.025654 35
0.000020 37
0.026068 47
0.000025 24
0.025952 33
0.000020 38
0.025980 33
0.000019 38
0.026007 33
0.000022 38
0.026010 33
0.000021 38
0.026114 35
0.000020 37
0.025934 34
0.000018 37
0.025977 34
0.000021 38
0.026016 34
0.000021 38
0.025965 34
0.000019 37
0.026019 34
0.000021 38
0.025991 34
0.000020 38
0.026012 34
0.000021 38
0.025966 34
0.000020 38
0.026024 34
0.000021 38
0.025989 34
0.000022 38
0.026673 35
0.000071 37
0.025269 10
0.000018 62
0.026032 34
0.000021 38
0.027609 71
0.024402 9
0.000023 1
0.000015 24
0.000021 36
0.000025 2
0.026732 9
0.000089 1
0.000066 24
0.000055 1
0.000048 13
0.000113 24
0.024924 9
0.000025 1
0.000016 24
0.000015 1
0.000014 12
0.000015 22
0.000022 2
0.025862 9
0.000022 1
0.000015 24
0.000013 1
0.000021 37
0.025945 9
0.000024 1
0.000016 24
0.000016 1
0.000022 37
0.025972 9
0.000026 1
0.000015 24
0.000015 1
0.000021 37
0.025954 9
0.000026 1
0.000015 24
0.000015 1
0.000015 13
0.000019 24
0.025871 9
0.000023 1
0.000015 24
0.000014 1
0.000022 37
0.026910 9
0.000117 1
0.000098 24
0.000066 1
0.000041 13
0.000041 22
0.000109 2
0.024646 9
0.000025 1
0.000016 24
0.000014 1
0.000015 13
0.000029 24
0.025907 9
0.000022 1
0.000015 24
0.000018 14
0.000033 24
0.025940 9
0.000025 1
0.000016 24
0.000015 1
0.000012 13
0.000031 24
0.025940 9
0.000024 1
0.000016 24
0.000012 1
0.000021 37
0.025950 9
0.000024 1
0.000016 24
0.000014 1
0.000013 13
0.000031 24
0.025885 9
0.000024 1
0.000016 24
0.000014 1
0.000011 11
0.000029 24
0.025950 9
0.000025 1
0.000016 24
0.000014 1
0.000015 13
0.000028 24
0.025922 9
0.000025 1
0.000015 24
0.000012 1
0.000035 36
0.026208 10
0.000033 1
0.000017 23
0.000021 1
0.000015 13
0.000021 22
0.000033 2
0.025729 10
0.000030 1
0.000018 24
0.000019 1
0.000015 13
0.000019 1
0.000029 23
0.025813 10
0.000025 1
0.000016 24
0.000022 1
0.000015 12
0.000032 24
0.025888 10
0.000024 1
0.000016 24
0.000014 1
0.000012 13
0.000028 24
0.025939 10
0.000024 1
0.000016 24
0.000015 1
0.000015 13
0.000016 22
0.000022 2
0.025890 10
0.000025 1
0.000016 24
0.000014 1
0.000015 13
0.000028 24
0.025929 10
0.000026 1
0.000016 24
0.000018 14
0.000031 24
0.026007 10
0.000028 1
0.000015 23
0.000021 1
0.000018 35
0.000030 2
0.025829 10
0.000023 1
0.000015 23
0.000015 1
0.000021 37
0.026705 10
0.000083 1
0.000043 24
0.000050 1
0.000043 13
0.000042 1
0.000099 23
0.024958 10
0.000025 1
0.000015 24
0.000014 1
0.000014 12
0.000034 24
0.026240 10
0.000083 1
0.000061 24
0.000042 1
0.000043 37
0.025442 10
0.000023 1
0.000015 24
0.000014 1
0.000017 14
0.000025 23
0.025953 10
0.000025 1
0.000015 24
0.000014 1
0.000015 13
0.000034 24
0.025939 10
0.000025 1
0.000016 24
0.000016 1
0.000014 13
0.000020 22
0.000024 2
0.025849 10
0.000020 1
0.000015 24
0.000015 1
0.000014 13
0.000029 24
0.025962 10
0.000026 1
0.000015 24
0.000014 1
0.000017 14
0.000026 23
0.026069 10
0.000037 1
0.000019 24
0.000023 1
0.000017 13
0.000016 1
0.000033 23
0.025730 10
0.000024 1
0.000016 24
0.000014 1
0.000014 13
0.000019 24
0.025899 10
0.000024 1
0.000016 24
0.000012 1
0.000034 37
0.026002 10
0.000027 1
0.000016 24
0.000020 1
0.000015 13
0.000102 24
0.025835 36
0.000020 37
0.025964 10
0.000022 1
0.000016 24
0.000015 1
0.000014 13
0.000032 24
0.025922 10
0.000026 1
0.000016 24
0.000016 1
0.000014 13
0.000020 22
0.000026 2
0.025919 10
0.000025 1
0.000016 24
0.000015 1
0.000014 13
0.000011 1
0.000026 23
0.026235 10
0.000025 1
0.000015 24
0.000014 1
0.000015 12
0.000014 1
0.000014 21
0.000024 2
0.025619 10
0.000025 1
0.000015 24
0.000015 1
0.000014 13
0.000018 24
0.025921 10
0.000025 1
0.000015 24
0.000015 1
0.000014 13
0.000024 24
0.025909 8
0.000024 1
0.000016 25
0.000014 1
0.000014 13
0.000018 24
0.025912 8
0.000022 1
0.000016 25
0.000016 1
0.000017 14
0.000026 23
0.025965 8
0.000026 1
0.000016 25
0.000015 1
0.000014 13
0.000019 24
0.025908 8
0.000026 1
0.000015 25
0.000014 1
0.000012 13
0.000029 24
0.025928 8
0.000025 1
0.000016 25
0.000012 1
0.000032 37
0.025901 8
0.000022 1
0.000016 25
0.000011 1
0.000021 37
0.026046 8
0.000024 1
0.000016 25
0.000015 1
0.000018 35
0.000024 2
0.025880 8
0.000025 1
0.000015 25
0.000029 1
0.000016 12
0.000014 1
0.000026 23
0.025891 8
0.000027 1
0.000017 25
0.000025 14
0.000030 23
0.025890 8
0.000026 1
0.000015 25
0.000021 1
0.000033 13
0.000029 24
0.025920 9
0.000025 1
0.000016 25
0.000012 1
0.000021 37
0.026969 9
0.000090 1
0.000060 25
0.000052 1
0.000053 12
0.000053 1
0.000049 21
0.000042 2
0.024585 9
0.000022 1
0.000015 25
0.000014 1
0.000015 13
0.000014 1
0.000014 21
0.000015 2
0.025952 9
0.000025 1
0.000015 25
0.000014 1
0.000015 13
0.000030 23
0.025932 9
0.000026 1
0.000015 25
0.000016 14
0.000030 24
0.025991 49
0.000021 24
1.000225 47
0.000035 190
0.000757 82
5.890028 1
0.506482 1
0.127964 1
0.654890 1
0.757590 2
0.000141 6
