0.959568 82
5.156873 4
0.465662 45
0.494335 1
0.399061 3
1.027470 1
0.483479 1
1.120548 2
3.050155 56
0.010657 9
0.000032 46
0.011480 56
0.010503 31
0.000024 24
0.010954 31
0.000019 24
0.010988 31
0.000019 24
0.011022 9
0.000025 46
0.010966 31
0.000024 24
0.010945 9
0.000016 46
0.011030 31
0.000026 24
0.011073 56
0.010916 56
0.010981 9
0.000024 1
0.000015 22
0.000014 1
0.000014 21
0.000015 2
0.010916 9
0.000026 1
0.000015 22
0.000014 1
0.000014 21
0.000014 2
0.011178 9
0.000069 1
0.000019 23
0.000017 1
0.000015 21
0.000021 2
0.010620 9
0.000019 1
0.000014 22
0.000014 1
0.000015 21
0.000014 2
0.010957 9
0.000029 1
0.000015 23
0.000014 1
0.000014 21
0.000015 2
0.011200 9
0.000138 1
0.000025 23
0.000021 1
0.000017 21
0.000018 2
0.010488 9
0.000021 1
0.000014 23
0.000014 1
0.000014 21
0.000015 2
0.010968 9
0.000030 1
0.000015 23
0.000014 1
0.000014 21
0.000023 2
0.011115 9
0.000075 1
0.000020 23
0.000021 1
0.000018 21
0.000023 2
0.010627 9
0.000029 1
0.000015 23
0.000013 1
0.000014 21
0.000015 2
0.011188 9
0.000075 1
0.000020 23
0.000018 1
0.000018 21
0.000021 2
0.010891 9
0.000083 1
0.000021 23
0.000017 1
0.000014 21
0.000019 2
0.010583 9
0.000021 1
0.000015 23
0.000014 1
0.000015 21
0.000015 2
0.010917 9
0.000019 1
0.000014 23
0.000014 1
0.000014 21
0.000015 2
0.011163 9
0.000077 1
0.000019 23
0.000018 1
0.000016 21
0.000018 2
0.010648 9
0.000024 1
0.000015 23
0.000015 1
0.000014 21
0.000014 2
0.010909 9
0.000018 1
0.000015 23
0.000014 1
0.000013 21
0.000015 2
0.011214 9
0.000091 1
0.000019 23
0.000017 1
0.000018 21
0.000021 2
0.010589 9
0.000023 1
0.000015 23
0.000014 1
0.000015 21
0.000017 2
0.010894 9
0.000018 1
0.000014 23
0.000015 1
0.000014 21
0.000014 2
0.010990 9
0.000065 1
0.000025 23
0.000019 1
0.000023 21
0.000021 2
0.010801 9
0.000022 1
0.000015 23
0.000014 1
0.000014 21
0.000015 2
0.010916 9
0.000020 1
0.000015 23
0.000014 1
0.000013 21
0.000015 2
0.011289 9
0.000099 1
0.000021 23
0.000022 1
0.000019 21
0.000023 2
0.010481 9
0.000022 1
0.000015 23
0.000014 1
0.000014 21
0.000015 2
0.010923 9
0.000024 1
0.000014 23
0.000014 1
0.000014 21
0.000015 2
0.011163 9
0.000051 1
0.000018 23
0.000018 1
0.000017 21
0.000019 2
0.010676 9
0.000024 1
0.000014 23
0.000014 1
0.000014 21
0.000015 2
0.010916 9
0.000024 1
0.000014 23
0.000014 1
0.000014 21
0.000015 2
0.010915 9
0.000019 1
0.000014 23
0.000014 1
0.000014 21
0.000014 2
0.010937 9
0.000024 1
0.000014 23
0.000014 1
0.000014 21
0.000015 2
0.010925 9
0.000024 1
0.000014 23
0.000014 1
0.000014 21
0.000014 2
0.010942 9
0.000018 1
0.000014 23
0.000014 1
0.000014 21
0.000014 2
0.010911 9
0.000023 1
0.000014 23
0.000014 1
0.000014 21
0.000023 2
0.010917 9
0.000022 1
0.000015 23
0.000014 1
0.000014 21
0.000015 2
0.010915 9
0.000018 1
0.000014 23
0.000014 1
0.000014 21
0.000014 2
0.010963 9
0.000027 1
0.000014 23
0.000014 1
0.000014 21
0.000015 2
0.010944 9
0.000026 1
0.000015 23
0.000023 1
0.000015 21
0.000015 2
0.010878 9
0.000018 1
0.000015 23
0.000013 1
0.000014 21
0.000015 2
0.010974 9
0.000027 1
0.000015 23
0.000014 1
0.000015 21
0.000014 2
0.011140 9
0.000072 1
0.000015 23
0.000015 1
0.000014 21
0.000016 2
0.010617 9
0.000020 1
0.000015 23
0.000014 1
0.000027 21
0.000015 2
0.010926 9
0.000020 1
0.000014 23
0.000014 1
0.000014 21
0.000014 2
0.010939 9
0.000025 1
0.000014 23
0.000015 1
0.000014 21
0.000014 2
0.010900 9
0.000020 1
0.000014 23
0.000014 1
0.000014 21
0.000014 2
0.010932 9
0.000019 1
0.000025 23
0.000015 1
0.000013 21
0.000015 2
0.011229 9
0.000094 1
0.000020 23
0.000019 1
0.000016 21
0.000021 2
0.010533 9
0.000021 1
0.000015 23
0.000014 1
0.000014 21
0.000015 2
0.010920 9
0.000020 1
0.000015 23
0.000014 1
0.000014 21
0.000014 2
0.011336 9
0.000104 1
0.000019 23
0.000017 1
0.000017 21
0.000022 2
0.010442 9
0.000022 1
0.000015 23
0.000014 1
0.000013 21
0.000016 2
0.010927 9
0.000022 1
0.000015 23
0.000014 1
0.000014 21
0.000014 2
0.011185 9
0.000053 1
0.000020 23
0.000016 1
0.000017 21
0.000019 2
0.010640 9
0.000023 1
0.000014 23
0.000014 1
0.000014 21
0.000015 2
0.010921 9
0.000024 1
0.000014 23
0.000014 1
0.000014 21
0.000015 2
0.011142 9
0.000032 1
0.000019 23
0.000201 1
0.000017 21
0.000015 2
0.010522 9
0.000023 1
0.000014 23
0.000014 1
0.000015 21
0.000054 2
0.010885 9
0.000024 1
0.000014 23
0.000014 1
0.000015 21
0.000014 2
0.010925 9
0.000020 1
0.000015 23
0.000014 1
0.000014 21
0.000015 2
0.011432 57
0.010672 57
0.010833 9
0.000021 1
0.000015 23
0.000014 1
0.000014 21
0.000014 2
0.010939 9
0.000026 1
0.000014 23
0.000015 1
0.000014 21
0.000014 2
0.010913 9
0.000022 1
0.000016 23
0.000013 1
0.000014 21
0.000015 2
0.010919 10
0.000014 47
0.011028 9
0.000029 1
0.000015 23
0.000015 1
0.000014 21
0.000014 2
0.010905 9
0.000026 1
0.000015 23
0.000014 1
0.000014 21
0.000015 2
0.010888 9
0.000020 1
0.000015 23
0.000014 1
0.000014 21
0.000014 2
0.010981 9
0.000030 1
0.000014 23
0.000015 1
0.000014 21
0.000015 2
0.010900 9
0.000027 1
0.000015 23
0.000014 1
0.000015 21
0.000015 2
0.010884 9
0.000019 1
0.000015 23
0.000014 1
0.000014 21
0.000014 2
0.011258 33
0.000096 24
0.010623 9
0.000030 1
0.000016 23
0.000014 1
0.000014 21
0.000015 2
0.010878 9
0.000020 1
0.000014 23
0.000014 1
0.000015 21
0.000014 2
0.010928 9
0.000018 1
0.000015 23
0.000014 1
0.000013 21
0.000015 2
0.010960 9
0.000029 1
0.000015 23
0.000015 1
0.000014 21
0.000014 2
0.010888 9
0.000021 1
0.000014 23
0.000014 1
0.000014 21
0.000015 2
0.010924 9
0.000018 1
0.000014 23
0.000014 1
0.000014 21
0.000014 2
0.011213 57
0.010754 9
0.000023 1
0.000015 23
0.000014 1
0.000015 21
0.000014 2
0.010906 9
0.000020 1
0.000015 23
0.000014 1
0.000015 21
0.000015 2
0.010974 9
0.000066 1
0.000020 23
0.000024 24
0.010874 9
0.000025 1
0.000015 23
0.000014 1
0.000014 21
0.000015 2
0.010910 9
0.000022 1
0.000015 23
0.000014 1
0.000014 21
0.000014 2
0.010939 9
0.000022 1
0.000015 23
0.000014 1
0.000014 21
0.000014 2
0.010941 9
0.000027 1
0.000015 23
0.000014 1
0.000015 21
0.000014 2
0.010899 9
0.000023 1
0.000015 23
0.000014 1
0.000014 21
0.000015 2
0.010907 9
0.000019 1
0.000015 23
0.000014 1
0.000014 21
0.000014 2
0.010985 10
0.000031 1
0.000015 23
0.000014 1
0.000014 21
0.000015 2
0.010878 10
0.000023 1
0.000015 23
0.000014 1
0.000014 21
0.000015 2
0.010908 10
0.000019 1
0.000015 23
0.000014 1
0.000014 21
0.000014 2
0.011061 10
0.000075 1
0.000019 23
0.000016 1
0.000019 21
0.000489 2
0.010267 10
0.000020 1
0.000015 23
0.000014 1
0.000014 21
0.000014 2
0.010938 10
0.000024 1
0.000015 23
0.000014 1
0.000015 21
0.000015 2
0.011080 10
0.000058 1
0.000019 23
0.000017 1
0.000019 21
0.000018 2
0.010714 10
0.000022 1
0.000015 23
0.000014 1
0.000014 21
0.000015 2
0.010931 10
0.000024 1
0.000015 23
0.000014 1
0.000014 21
0.000015 2
0.010921 10
0.000022 1
0.000015 23
0.000014 1
0.000015 21
0.000014 2
0.010921 10
0.000022 1
0.000015 23
0.000014 1
0.000014 21
0.000014 2
0.010929 10
0.000023 1
0.000014 23
0.000014 1
0.000014 21
0.000015 2
0.010923 10
0.000021 1
0.000015 23
0.000014 1
0.000014 21
0.000015 2
0.010925 10
0.000023 1
0.000015 23
0.000014 1
0.000014 21
0.000015 2
0.010922 10
0.000023 1
0.000014 23
0.000015 1
0.000014 21
0.000014 2
0.010921 10
0.000019 1
0.000014 23
0.000014 1
0.000014 21
0.000014 2
0.010982 10
0.000027 1
0.000015 23
0.000014 1
0.000014 21
0.000053 2
0.011085 10
0.000093 1
0.000021 21
0.000017 1
0.000019 21
0.000020 2
0.010587 10
0.000021 1
0.000014 23
0.000014 1
0.000014 21
0.000015 2
0.010964 10
0.000028 1
0.000015 23
0.000014 1
0.000014 21
0.000015 2
0.011153 10
0.000075 1
0.000018 22
0.000017 1
0.000016 21
0.000020 2
0.010608 10
0.000021 1
0.000014 23
0.000015 1
0.000014 21
0.000014 2
0.011248 10
0.000066 1
0.000015 23
0.000017 1
0.000015 21
0.000020 2
0.028613 10
0.000202 1
0.000019 23
0.000014 1
0.000014 21
0.000015 2
0.000214 10
0.000109 1
0.000017 23
0.000013 1
0.000014 21
0.000014 2
0.003585 10
0.000062 1
0.000020 23
0.000017 1
0.000016 21
0.000019 2
0.010704 10
0.000032 1
0.000016 22
0.000015 1
0.000014 21
0.000014 2
0.010908 10
0.000029 1
0.000015 22
0.000014 1
0.000015 21
0.000015 2
0.010914 8
0.000025 1
0.000016 22
0.000015 1
0.000014 21
0.000015 2
0.010934 8
0.000032 1
0.000015 22
0.000014 1
0.000015 21
0.000016 2
0.010924 8
0.000097 1
0.000048 22
0.000018 1
0.000015 21
0.000016 2
0.010795 31
0.000097 24
0.011314 8
0.000141 1
0.000061 23
0.000034 1
0.000018 21
0.000019 2
0.010367 31
0.000100 24
0.010876 8
0.000034 47
0.010977 8
0.000024 1
0.000014 22
0.000015 1
0.000013 21
0.000015 2
0.010924 8
0.000028 1
0.000014 22
0.000015 1
0.000014 21
0.000015 2
0.010908 8
0.000026 1
0.000015 22
0.000014 1
0.000014 21
0.000015 2
0.010907 9
0.000019 1
0.000015 22
0.000013 1
0.000014 21
0.000015 2
0.010941 9
0.000026 1
0.000015 22
0.000014 1
0.000014 21
0.000015 2
0.010914 9
0.000024 1
0.000014 22
0.000014 1
0.000014 21
0.000072 2
0.010858 9
0.000019 1
0.000014 22
0.000014 1
0.000015 21
0.000014 2
0.010965 9
0.000028 1
0.000016 23
0.000014 1
0.000014 21
0.000015 2
0.010912 9
0.000028 1
0.000016 23
0.000014 1
0.000015 21
0.000015 2
0.010887 9
0.000020 1
0.000015 23
0.000014 1
0.000014 21
0.000014 2
0.010966 9
0.000030 1
0.000015 23
0.000014 1
0.000014 21
0.000015 2
0.010907 9
0.000028 1
0.000015 23
0.000014 1
0.000014 21
0.000015 2
0.010893 9
0.000020 1
0.000015 23
0.000014 1
0.000014 21
0.000022 2
0.011207 9
0.000071 1
0.000020 23
0.000018 1
0.000017 21
0.000038 2
0.010596 9
0.000027 1
0.000015 23
0.000014 1
0.000015 21
0.000014 2
0.010894 9
0.000020 1
0.000015 23
0.000014 1
0.000014 21
0.000015 2
0.010993 9
0.000041 1
0.000016 23
0.000015 1
0.000016 21
0.000018 2
0.010855 9
0.000027 1
0.000015 23
0.000014 1
0.000014 21
0.000015 2
0.010898 9
0.000020 1
0.000015 23
0.000014 1
0.000014 21
0.000022 2
0.010924 9
0.000018 1
0.000014 23
0.000014 1
0.000014 21
0.000014 2
0.010981 9
0.000029 1
0.000016 23
0.000015 1
0.000015 21
0.000015 2
0.010910 9
0.000031 1
0.000016 23
0.000014 1
0.000566 21
0.000019 2
0.010361 9
0.000028 1
0.000014 23
0.000015 1
0.000014 21
0.000015 2
0.010921 9
0.000029 1
0.000016 23
0.000014 1
0.000014 21
0.000024 2
0.010873 9
0.000022 1
0.000015 23
0.000015 1
0.000014 21
0.000021 2
0.010941 9
0.000031 1
0.000016 23
0.000014 1
0.000014 21
0.000015 2
0.011757 9
0.000164 1
0.000018 22
0.000014 1
0.000014 21
0.000015 2
0.009961 9
0.000027 1
0.000015 23
0.000014 1
0.000014 21
0.000015 2
0.010919 9
0.000028 1
0.000016 23
0.000014 1
0.000014 21
0.000015 2
0.010894 9
0.000020 1
0.000015 23
0.000014 1
0.000014 21
0.000015 2
0.010959 9
0.000027 1
0.000015 23
0.000015 1
0.000014 21
0.000014 2
0.010913 9
0.000026 1
0.000016 23
0.000014 1
0.000014 21
0.000015 2
0.010891 9
0.000022 1
0.000015 23
0.000014 1
0.000014 21
0.000015 2
0.011120 9
0.000032 1
0.000020 23
0.000039 1
0.000018 21
0.000020 2
0.010738 9
0.000028 1
0.000016 23
0.000014 1
0.000014 21
0.000015 2
0.010887 9
0.000021 1
0.000015 23
0.000014 1
0.000014 21
0.000014 2
0.010943 9
0.000021 1
0.000015 23
0.000014 1
0.000014 21
0.000014 2
0.010934 9
0.000027 1
0.000014 23
0.000015 1
0.000014 21
0.000015 2
0.010959 9
0.000026 1
0.000015 23
0.000014 1
0.000014 21
0.000015 2
0.010875 9
0.000018 1
0.000015 23
0.000014 1
0.000014 21
0.000014 2
0.010961 9
0.000028 1
0.000015 23
0.000014 1
0.000014 21
0.000015 2
0.011146 9
0.000082 1
0.000017 23
0.000016 1
0.000016 21
0.000022 2
0.010607 9
0.000022 1
0.000015 23
0.000014 1
0.000014 21
0.000023 2
0.010957 9
0.000029 1
0.000015 23
0.000033 1
0.000019 21
0.000015 2
0.011115 9
0.000078 1
0.000019 23
0.000020 1
0.000015 21
0.000028 2
0.010595 9
0.000021 1
0.000015 23
0.000014 1
0.000014 21
0.000014 2
0.011578 9
0.000025 1
0.000049 22
0.000016 1
0.000014 21
0.000014 2
0.010588 9
0.000082 1
0.000023 23
0.000017 1
0.000019 21
0.000018 2
0.010548 9
0.000023 1
0.000015 23
0.000015 1
0.000014 21
0.000014 2
0.010906 9
0.000020 1
0.000014 23
0.000014 1
0.000014 21
0.000014 2
0.011269 9
0.000093 1
0.000021 23
0.000016 1
0.000018 21
0.000019 2
0.010547 9
0.000023 1
0.000015 23
0.000014 1
0.000014 21
0.000016 2
0.010891 9
0.000020 1
0.000014 23
0.000014 1
0.000014 21
0.000021 2
0.011150 9
0.000034 1
0.000016 23
0.000014 1
0.000015 21
0.000015 2
0.010722 9
0.000023 1
0.000014 23
0.000014 1
0.000014 21
0.000021 2
0.010944 9
0.000028 1
0.000015 23
0.000015 1
0.000014 21
0.000014 2
0.010908 9
0.000023 1
0.000015 23
0.000014 1
0.000014 21
0.000014 2
0.010951 9
0.000030 1
0.000015 23
0.000014 1
0.000015 21
0.000015 2
0.010899 9
0.000028 1
0.000015 23
0.000014 1
0.000072 21
0.000018 2
0.010830 9
0.000021 1
0.000015 23
0.000014 1
0.000015 21
0.000014 2
0.010963 9
0.000029 1
0.000015 23
0.000014 1
0.000014 21
0.000015 2
0.010916 9
0.000028 1
0.000016 23
0.000014 1
0.000014 21
0.000015 2
0.010881 9
0.000021 1
0.000014 23
0.000014 1
0.000014 21
0.000015 2
0.010985 9
0.000028 1
0.000015 23
0.000014 1
0.000014 21
0.000015 2
0.010946 57
7.195357 2
0.000483 2
0.000680 82
1.976201 1
0.350636 1
0.254028 1
0.233161 1
0.294153 2
0.000106 6
