%%MatrixMarket matrix array real general
% 
% This is a model file of Train_features,
%    generated by l1_logreg_train ver.0.8.2
% Contents of model:
%    entry   1   : intercept
%    entries 2..m: coefficients
% 
97 1
-9.192348204488445e-01
-2.656384577100077e-05
-4.080322966692370e-05
 0.000000000000000e+00
 0.000000000000000e+00
 0.000000000000000e+00
 0.000000000000000e+00
 0.000000000000000e+00
 0.000000000000000e+00
 0.000000000000000e+00
 0.000000000000000e+00
 7.914609913387154e-05
 0.000000000000000e+00
 1.130024721972166e-04
 0.000000000000000e+00
 0.000000000000000e+00
 2.250528818683603e-05
 0.000000000000000e+00
 1.160028678680740e-04
 4.241971465443919e-05
 0.000000000000000e+00
 0.000000000000000e+00
 0.000000000000000e+00
-2.580374963060874e-05
-7.516228709939505e-05
 0.000000000000000e+00
 0.000000000000000e+00
 0.000000000000000e+00
-1.890663541371290e-07
-1.252458917461217e-05
 0.000000000000000e+00
 0.000000000000000e+00
 7.099587155466322e-05
-7.088905559579853e-05
 0.000000000000000e+00
 0.000000000000000e+00
-1.155133589870442e-04
 0.000000000000000e+00
 0.000000000000000e+00
 0.000000000000000e+00
 0.000000000000000e+00
-1.102418751858125e-04
 0.000000000000000e+00
 0.000000000000000e+00
-1.616012569778479e-04
 0.000000000000000e+00
 5.851326076931923e-05
 0.000000000000000e+00
 0.000000000000000e+00
 0.000000000000000e+00
 0.000000000000000e+00
 1.634097427535012e-04
 0.000000000000000e+00
 1.960113236478727e-04
 0.000000000000000e+00
 8.142525959278455e-05
 0.000000000000000e+00
 0.000000000000000e+00
 0.000000000000000e+00
 0.000000000000000e+00
 0.000000000000000e+00
 0.000000000000000e+00
 2.759954625321593e-04
 0.000000000000000e+00
 0.000000000000000e+00
 1.289458807831302e-04
 9.436151093459781e-05
 3.234955076105978e-05
 2.622810622723857e-04
 1.802564404667048e-05
 0.000000000000000e+00
 1.414931273071805e-04
 0.000000000000000e+00
 0.000000000000000e+00
 6.585451900299947e-05
 0.000000000000000e+00
 0.000000000000000e+00
 0.000000000000000e+00
 0.000000000000000e+00
 0.000000000000000e+00
 0.000000000000000e+00
 0.000000000000000e+00
 0.000000000000000e+00
-2.048614985884220e-04
 0.000000000000000e+00
-6.553744486421356e-05
-1.287137711229890e-04
 0.000000000000000e+00
-3.377888789974776e-04
-8.923830418674330e-06
-1.803761174361128e-04
 0.000000000000000e+00
-2.758264062429329e-04
-2.229288450981044e-04
 0.000000000000000e+00
-7.650432915189232e-05
-2.822420232554698e-05
