0.461920 0.538080
0.026167 0.973833
0.827919 0.172081
0.291605 0.708395
0.704425 0.295575
0.484443 0.515557
0.428346 0.571654
0.607769 0.392231
0.273959 0.726041
0.014819 0.985181
0.216158 0.783842
0.016089 0.983911
0.515981 0.484019
0.715162 0.284838
0.882190 0.117810
0.573673 0.426327
0.904106 0.095894
0.411198 0.588802
0.118083 0.881917
0.564521 0.435479
0.029032 0.970968
0.944622 0.055378
0.473635 0.526365
0.853957 0.146043
0.283709 0.716291
0.731374 0.268626
0.117118 0.882882
0.893378 0.106622
0.286762 0.713238
0.667645 0.332355
0.481474 0.518526
0.315052 0.684948
0.796535 0.203465
0.659434 0.340566
0.637362 0.362638
0.536481 0.463519
0.214237 0.785763
0.601955 0.398045
0.545197 0.454803
0.550823 0.449177
0.547219 0.452781
0.332870 0.667130
0.107433 0.892567
0.483839 0.516161
0.198870 0.801130
0.125750 0.874250
0.475693 0.524307
0.913538 0.086462
0.528287 0.471713
0.184556 0.815444
0.362985 0.637015
0.415491 0.584509
0.373365 0.626635
0.526422 0.473578
0.286820 0.713180
0.370494 0.629506
0.887157 0.112843
0.335044 0.664956
0.571224 0.428776
0.201448 0.798552
0.649284 0.350716
0.069106 0.930894
0.903301 0.096699
0.411723 0.588277
0.576342 0.423658
0.675115 0.324885
0.688116 0.311884
0.388828 0.611172
0.537427 0.462573
0.454350 0.545650
0.519232 0.480768
0.777887 0.222113
0.409920 0.590080
0.627917 0.372083
0.594914 0.405086
0.450068 0.549932
0.306658 0.693342
0.599149 0.400851
0.488755 0.511245
0.503807 0.496193
0.133650 0.866350
0.627535 0.372465
0.497282 0.502718
0.639464 0.360536
0.586381 0.413619
0.885844 0.114156
0.731266 0.268734
0.561812 0.438188
0.992889 0.007111
0.259399 0.740601
0.642552 0.357448
0.404481 0.595519
0.836265 0.163735
0.455522 0.544478
0.282278 0.717722
0.615350 0.384650
0.199035 0.800965
0.253740 0.746260
0.366477 0.633523
0.475652 0.524348
0.146715 0.853285
0.728339 0.271661
0.323540 0.676460
0.785968 0.214032
0.605547 0.394453
0.167569 0.832431
0.500465 0.499535
0.295650 0.704350
0.439194 0.560806
0.354649 0.645351
0.523482 0.476518
0.168952 0.831048
0.524927 0.475073
0.104601 0.895399
0.378018 0.621982
0.529763 0.470237
0.435169 0.564831
0.556343 0.443657
0.642238 0.357762
0.411427 0.588573
0.814885 0.185115
0.642348 0.357652
0.097822 0.902178
0.539442 0.460558
0.314294 0.685706
0.821723 0.178277
0.316559 0.683441
0.644311 0.355689
0.571151 0.428849
0.207345 0.792655
0.458049 0.541951
0.901121 0.098879
0.743129 0.256871
0.351969 0.648031
0.177574 0.822426
0.495629 0.504371
0.487299 0.512701
0.681855 0.318145
0.597838 0.402162
0.760311 0.239689
0.385804 0.614196
0.420202 0.579798
0.327981 0.672019
0.718144 0.281856
0.338107 0.661893
0.930071 0.069929
0.311715 0.688285
0.833561 0.166439
0.363770 0.636230
0.577189 0.422811
0.714601 0.285399
0.224415 0.775585
0.528748 0.471252
0.603670 0.396330
0.259970 0.740030
0.349027 0.650973
0.290581 0.709419
0.988085 0.011915
0.215915 0.784085
0.365993 0.634007
0.205789 0.794211
0.904256 0.095744
0.204898 0.795102
0.468248 0.531752
0.505963 0.494037
0.344191 0.655809
0.585009 0.414991
0.830216 0.169784
0.513974 0.486026
0.318525 0.681475
0.455204 0.544796
0.119823 0.880177
0.582835 0.417165
0.456907 0.543093
0.756456 0.243544
0.739620 0.260380
0.320002 0.679998
0.758098 0.241902
0.636597 0.363403
0.459585 0.540415
0.667663 0.332337
0.821537 0.178463
0.632164 0.367836
0.605901 0.394099
0.651706 0.348294
0.611056 0.388944
0.483109 0.516891
0.787728 0.212272
0.859050 0.140950
0.320022 0.679978
0.585992 0.414008
0.726968 0.273032
0.483353 0.516647
0.578164 0.421836
0.399958 0.600042
0.484730 0.515270
0.092755 0.907245
0.577039 0.422961
0.156836 0.843164
0.659549 0.340451
0.580665 0.419335
0.598291 0.401709
0.465233 0.534767
0.288287 0.711713
0.205336 0.794664
0.022465 0.977535
0.545585 0.454415
0.798261 0.201739
0.063420 0.936580
0.460157 0.539843
0.625449 0.374551
0.166373 0.833627
0.388664 0.611336
0.575202 0.424798
0.965628 0.034372
0.519327 0.480673
0.758673 0.241327
0.155809 0.844191
0.369203 0.630797
0.341871 0.658129
0.559218 0.440782
0.694203 0.305797
0.532698 0.467302
0.883660 0.116340
0.338575 0.661425
0.979025 0.020975
0.460331 0.539669
0.609607 0.390393
0.085959 0.914041
0.092829 0.907171
0.692738 0.307262
0.126031 0.873969
0.872702 0.127298
0.179176 0.820824
0.699564 0.300436
0.974283 0.025717
0.230106 0.769894
0.597505 0.402495
0.607290 0.392710
0.483085 0.516915
0.922302 0.077698
0.846964 0.153036
0.372082 0.627918
0.415549 0.584451
0.787856 0.212144
0.596689 0.403311
0.732274 0.267726
0.547905 0.452095
0.991119 0.008881
0.101361 0.898639
0.637310 0.362690
0.517842 0.482158
0.141062 0.858938
0.554092 0.445908
0.664319 0.335681
0.305189 0.694811
0.311257 0.688743
0.805263 0.194737
0.497656 0.502344
0.689389 0.310611
0.721675 0.278325
0.489552 0.510448
0.842451 0.157549
0.167919 0.832081
0.081888 0.918112
0.493078 0.506922
0.599751 0.400249
0.485797 0.514203
0.741491 0.258509
0.250655 0.749345
0.328086 0.671914
0.225779 0.774221
0.133385 0.866615
0.595330 0.404670
0.924809 0.075191
0.513308 0.486692
0.312622 0.687378
0.643992 0.356008
0.790746 0.209254
0.441779 0.558221
0.697895 0.302105
0.754586 0.245414
0.635095 0.364905
0.939915 0.060085
0.559673 0.440327
0.127439 0.872561
0.057882 0.942118
0.768833 0.231167
0.249909 0.750091
0.262806 0.737194
0.874238 0.125762
0.470247 0.529753
0.467807 0.532193
0.765817 0.234183
0.249977 0.750023
0.542420 0.457580
0.748571 0.251429
0.584340 0.415660
0.765991 0.234009
0.819186 0.180814
0.442404 0.557596
0.560911 0.439089
0.878830 0.121170
0.553650 0.446350
0.262649 0.737351
0.542872 0.457128
0.495168 0.504832
0.453763 0.546237
0.018182 0.981818
0.567584 0.432416
0.610259 0.389741
0.368831 0.631169
0.895690 0.104310
0.547066 0.452934
0.754197 0.245803
0.277200 0.722800
0.909158 0.090842
0.923358 0.076642
0.152486 0.847514
0.938730 0.061270
0.566537 0.433463
0.618901 0.381099
0.915773 0.084227
0.208809 0.791191
0.915140 0.084860
0.925632 0.074368
0.575992 0.424008
0.361460 0.638540
0.594218 0.405782
0.395166 0.604834
0.792519 0.207481
0.883892 0.116108
0.726270 0.273730
0.239284 0.760716
0.746711 0.253289
0.871946 0.128054
0.615422 0.384578
0.386860 0.613140
0.622340 0.377660
0.179229 0.820771
0.563980 0.436020
0.325317 0.674683
0.366928 0.633072
0.507030 0.492970
0.399293 0.600707
0.345067 0.654933
0.270432 0.729568
0.029113 0.970887
0.430635 0.569365
0.804794 0.195206
0.808737 0.191263
0.154716 0.845284
0.594915 0.405085
0.718858 0.281142
0.342194 0.657806
0.631056 0.368944
0.136715 0.863285
0.792353 0.207647
0.317792 0.682208
0.311681 0.688319
0.671723 0.328277
0.150618 0.849382
0.509770 0.490230
0.997228 0.002772
0.529730 0.470270
0.594276 0.405724
0.638593 0.361407
0.485568 0.514432
0.943688 0.056312
0.963589 0.036411
0.298257 0.701743
0.962531 0.037469
0.661903 0.338097
0.316578 0.683422
0.671955 0.328045
0.398484 0.601516
0.256467 0.743533
0.786157 0.213843
0.422786 0.577214
0.560402 0.439598
0.872604 0.127396
0.988184 0.011816
0.610029 0.389971
0.664998 0.335002
0.537710 0.462290
0.997145 0.002855
0.459968 0.540032
0.305309 0.694691
0.971175 0.028825
0.575573 0.424427
0.310598 0.689402
0.552298 0.447702
0.569172 0.430828
0.487234 0.512766
0.689117 0.310883
0.193837 0.806163
0.580067 0.419933
0.263561 0.736439
0.597126 0.402874
0.733746 0.266254
0.233807 0.766193
0.714953 0.285047
0.686237 0.313763
0.464291 0.535709
0.355454 0.644546
0.492042 0.507958
0.995313 0.004687
0.570670 0.429330
0.053652 0.946348
0.339507 0.660493
0.869567 0.130433
0.070925 0.929075
0.633130 0.366870
0.907742 0.092258
0.199503 0.800497
0.124028 0.875972
0.927061 0.072939
0.178806 0.821194
0.625715 0.374285
0.574503 0.425497
0.610422 0.389578
0.079909 0.920091
0.487471 0.512529
0.480623 0.519377
0.907894 0.092106
0.320541 0.679459
0.731230 0.268770
0.205663 0.794337
0.841220 0.158780
0.058261 0.941739
0.882752 0.117248
0.303209 0.696791
0.919028 0.080972
0.419851 0.580149
0.447571 0.552429
0.546737 0.453263
0.351028 0.648972
0.366812 0.633188
0.834955 0.165045
0.127482 0.872518
0.626842 0.373158
0.234686 0.765314
0.564665 0.435335
0.256328 0.743672
0.611038 0.388962
0.560244 0.439756
0.352817 0.647183
0.024313 0.975687
0.337451 0.662549
0.566026 0.433974
0.394061 0.605939
0.764829 0.235171
0.226296 0.773704
0.447838 0.552162
0.145628 0.854372
0.578176 0.421824
0.287885 0.712115
0.605803 0.394197
0.455472 0.544528
0.080486 0.919514
0.324718 0.675282
0.925699 0.074301
0.326010 0.673990
0.809351 0.190649
0.615441 0.384559
0.783371 0.216629
0.560887 0.439113
0.363487 0.636513
0.713778 0.286222
0.637546 0.362454
0.973353 0.026647
0.080763 0.919237
0.999480 0.000520
0.362361 0.637639
0.644986 0.355014
0.081737 0.918263
0.051977 0.948023
0.640063 0.359937
0.759752 0.240248
0.064451 0.935549
0.985836 0.014164
0.405563 0.594437
0.406181 0.593819
0.641028 0.358972
0.520457 0.479543
0.801003 0.198997
0.370055 0.629945
0.095803 0.904197
0.530218 0.469782
0.437088 0.562912
0.370994 0.629006
0.661979 0.338021
0.950221 0.049779
0.632704 0.367296
0.651103 0.348897
0.471247 0.528753
0.200606 0.799394
0.913443 0.086557
0.673526 0.326474
0.694674 0.305326
0.770792 0.229208
0.976624 0.023376
0.310034 0.689966
0.451214 0.548786
0.432233 0.567767
0.057117 0.942883
0.679504 0.320496
0.217292 0.782708
0.948406 0.051594
0.053565 0.946435
0.518445 0.481555
0.508862 0.491138
0.158605 0.841395
0.593380 0.406620
0.962096 0.037904
0.442971 0.557029
0.292160 0.707840
0.722273 0.277727
0.758377 0.241623
0.450176 0.549824
0.169052 0.830948
0.514538 0.485462
0.554648 0.445352
0.632857 0.367143
0.968464 0.031536
0.494586 0.505414
0.584483 0.415517
0.716261 0.283739
0.546089 0.453911
0.341862 0.658138
0.555584 0.444416
0.948382 0.051618
0.484742 0.515258
0.604854 0.395146
0.176201 0.823799
0.492498 0.507502
0.461513 0.538487
0.965542 0.034458
0.506255 0.493745
0.729529 0.270471
0.069322 0.930678
0.399017 0.600983
0.663448 0.336552
0.572890 0.427110
0.725582 0.274418
0.712986 0.287014
0.502317 0.497683
0.801412 0.198588
0.832329 0.167671
0.199353 0.800647
0.555204 0.444796
0.241954 0.758046
0.245920 0.754080
0.580295 0.419705
0.647834 0.352166
0.229422 0.770578
0.788394 0.211606
0.268674 0.731326
0.917982 0.082018
0.378816 0.621184
0.448599 0.551401
0.150375 0.849625
0.806140 0.193860
0.405152 0.594848
0.459360 0.540640
0.624578 0.375422
0.948108 0.051892
0.609269 0.390731
0.427012 0.572988
0.561992 0.438008
0.818319 0.181681
0.909625 0.090375
0.468790 0.531210
0.396416 0.603584
0.980179 0.019821
0.456846 0.543154
0.230833 0.769167
0.121934 0.878066
0.371671 0.628329
0.639839 0.360161
0.801161 0.198839
0.551037 0.448963
0.687819 0.312181
0.900688 0.099312
0.201779 0.798221
0.647757 0.352243
0.540741 0.459259
0.406272 0.593728
0.511787 0.488213
0.251716 0.748284
0.117319 0.882681
0.946330 0.053670
0.468956 0.531044
0.370043 0.629957
0.486933 0.513067
0.394215 0.605785
0.437570 0.562430
0.218621 0.781379
0.671637 0.328363
0.333803 0.666197
0.421486 0.578514
0.737433 0.262567
0.183711 0.816289
0.309452 0.690548
0.969572 0.030428
0.601768 0.398232
0.282318 0.717682
0.582923 0.417077
0.449707 0.550293
0.571395 0.428605
0.108929 0.891071
0.799266 0.200734
0.510607 0.489393
0.867719 0.132281
0.797164 0.202836
0.719346 0.280654
0.845128 0.154872
0.603505 0.396495
0.509209 0.490791
0.769381 0.230619
0.363798 0.636202
0.262362 0.737638
0.685184 0.314816
0.967106 0.032894
0.936415 0.063585
0.442258 0.557742
0.034898 0.965102
0.422892 0.577108
0.884363 0.115637
0.056113 0.943887
0.419244 0.580756
0.799323 0.200677
0.587556 0.412444
0.602245 0.397755
0.103645 0.896355
0.168553 0.831447
0.282649 0.717351
0.821640 0.178360
0.531439 0.468561
0.380621 0.619379
0.063176 0.936824
0.453442 0.546558
0.359267 0.640733
0.964638 0.035362
0.261482 0.738518
0.287788 0.712212
0.922757 0.077243
0.790389 0.209611
0.657964 0.342036
0.394929 0.605071
0.330134 0.669866
0.622315 0.377685
0.538687 0.461313
0.591976 0.408024
0.855991 0.144009
0.337520 0.662480
0.279800 0.720200
0.633105 0.366895
0.764792 0.235208
0.424787 0.575213
0.577951 0.422049
0.498985 0.501015
0.312117 0.687883
0.640294 0.359706
0.601538 0.398462
0.838167 0.161833
0.725592 0.274408
0.366498 0.633502
0.238597 0.761403
0.222866 0.777134
0.451004 0.548996
0.619859 0.380141
0.709471 0.290529
0.378188 0.621812
0.828695 0.171305
0.486051 0.513949
0.785990 0.214010
0.323985 0.676015
0.060833 0.939167
0.968005 0.031995
0.506534 0.493466
0.980463 0.019537
0.484347 0.515653
0.553998 0.446002
0.650099 0.349901
0.486762 0.513238
0.062604 0.937396
0.264910 0.735090
0.640053 0.359947
0.500590 0.499410
0.596612 0.403388
0.041349 0.958651
0.625572 0.374428
0.346626 0.653374
0.699652 0.300348
0.188461 0.811539
0.847050 0.152950
0.740424 0.259576
0.464682 0.535318
0.725732 0.274268
0.383466 0.616534
0.298252 0.701748
0.186385 0.813615
0.446615 0.553385
0.448914 0.551086
0.449041 0.550959
0.104533 0.895467
0.458023 0.541977
0.775605 0.224395
0.132270 0.867730
0.551885 0.448115
0.443359 0.556641
0.449138 0.550862
0.542283 0.457717
0.529072 0.470928
0.265632 0.734368
0.438717 0.561283
0.891839 0.108161
0.878678 0.121322
0.338664 0.661336
0.486468 0.513532
0.418708 0.581292
0.423627 0.576373
0.654961 0.345039
0.070724 0.929276
0.795648 0.204352
0.865844 0.134156
0.506039 0.493961
0.173782 0.826218
0.954342 0.045658
0.251144 0.748856
0.514733 0.485267
0.141854 0.858146
0.045928 0.954072
0.010748 0.989252
0.141046 0.858954
0.456286 0.543714
0.251942 0.748058
0.591182 0.408818
0.672300 0.327700
0.902237 0.097763
0.444383 0.555617
0.427786 0.572214
0.612541 0.387459
0.670969 0.329031
0.541775 0.458225
0.239888 0.760112
0.695581 0.304419
0.885727 0.114273
0.447644 0.552356
