0.645883 82
1.240284 1
0.105153 1
0.105761 1
0.116519 1
1.086179 2
0.003556 29
0.720654 82
1.008162 26
0.452307 20
0.079270 136
0.586884 90
0.000089 3
0.998828 2
0.005865 82
0.576929 1
0.074929 1
0.243872 1
0.228471 1
0.223910 1
0.427828 1
0.140789 4
0.478903 2
0.001870 8
0.000052 20
0.000026 7
0.000024 9
0.000022 9
0.000023 12
0.000047 23
0.000024 12
0.000023 9
0.000023 12
0.000023 9
0.000023 12
0.000023 9
0.000022 12
0.000023 9
0.000022 12
0.000023 9
0.000023 12
0.000023 9
0.000023 12
0.000022 9
0.000023 12
0.000023 9
0.000023 12
0.000022 9
0.000023 12
0.000023 9
0.000023 12
0.000023 9
0.000024 12
0.000023 9
0.000040 21
0.000023 12
0.000023 9
0.000022 12
0.000023 9
0.000023 12
0.000022 7
0.000024 14
0.000023 9
0.000023 12
0.000024 9
0.000037 20
0.000023 10
0.000022 15
0.000023 11
0.000022 16
0.000022 11
0.000023 16
0.000023 9
0.000022 11
0.000022 16
0.000023 11
0.000022 16
0.000022 11
0.000022 16
0.000022 11
0.000023 16
0.000022 11
0.000022 16
0.000023 11
0.000022 17
0.000022 10
0.000023 15
0.000022 24
0.000022 15
0.000022 23
0.000022 15
0.000022 24
0.000023 15
0.000022 24
0.000022 13
0.000023 15
0.000022 24
0.000057 15
0.000025 24
0.000023 15
0.000022 23
0.000022 15
0.000022 22
0.000023 15
0.000022 24
0.000023 15
0.000022 13
0.000022 24
0.000022 15
0.000023 24
0.000023 14
0.000022 24
0.000022 15
0.000022 23
0.000022 15
0.000023 13
0.000022 24
0.000022 13
0.000023 24
0.000022 15
0.000022 24
0.000022 15
0.000022 24
0.000023 15
0.000023 24
0.000022 13
0.000023 15
0.000022 24
0.000022 15
0.000022 24
0.000022 15
0.000022 24
0.000022 15
0.000022 13
0.000022 24
0.000023 15
0.000021 24
0.000023 15
0.000022 24
0.000022 15
0.000022 24
0.000022 15
0.000023 24
0.000022 13
0.000023 15
0.000022 24
0.000022 15
0.000021 24
0.000023 15
0.000022 22
0.000022 15
0.000023 24
0.000022 13
0.000022 15
0.000022 24
0.000022 15
0.000022 23
0.000022 15
0.000023 24
0.000022 15
0.000023 24
0.000023 13
0.000022 15
0.000022 24
0.000021 15
0.000023 24
0.000022 15
0.000023 11
0.000022 15
0.000022 23
0.000023 15
0.000021 24
0.000023 14
0.000022 24
0.000022 15
0.000023 23
0.000022 12
0.000022 15
0.000023 23
0.000022 15
0.000022 24
0.000022 15
0.000022 24
0.000023 15
0.000022 24
0.000023 13
0.000022 15
0.000022 24
0.000022 15
0.000022 24
0.000022 15
0.000022 24
0.000023 15
0.000022 12
0.000022 24
0.000022 15
0.000022 24
0.000022 15
0.000022 24
0.000022 15
0.000022 13
0.000022 24
0.000022 15
0.000022 24
0.000023 15
0.000022 24
0.000023 15
0.000022 24
0.000023 15
0.000022 13
0.000023 24
0.000022 15
0.000022 24
0.000021 15
0.000023 24
0.000022 15
0.000022 24
0.000022 15
0.000022 13
0.000022 24
0.000023 15
0.000021 24
0.000023 15
0.000022 24
0.000022 15
0.000023 13
0.000022 24
0.000022 14
0.000022 22
0.000022 15
0.000022 24
0.000022 15
0.000023 23
0.000156 143
0.000027 15
0.000022 24
0.000022 15
0.000023 24
0.000022 15
0.000022 24
0.000022 15
0.000022 24
0.000023 15
0.000022 13
0.000023 24
0.000022 15
0.000022 24
0.000021 15
0.000023 23
0.000023 15
0.000023 24
0.000022 15
0.000022 24
0.000023 15
0.000022 12
0.000023 7
0.000022 9
0.000022 12
0.000022 9
0.000022 18
0.000022 15
0.000023 24
0.000022 15
0.000022 24
0.000023 15
0.000022 13
0.000022 22
0.000023 15
0.000022 24
0.000036 15
0.000023 23
0.000023 15
0.000022 24
0.000022 15
0.000022 24
0.000022 15
0.000023 24
0.000022 13
0.000022 15
0.000022 24
0.000022 15
0.000022 22
0.000023 13
0.000022 15
0.000023 13
0.000022 24
0.000022 15
0.000022 24
0.000022 15
0.000022 22
0.000021 15
0.000022 13
0.000021 24
0.000022 15
0.000021 24
0.000022 15
0.000021 12
0.000022 23
0.000022 15
0.000021 18
0.000022 9
0.000021 7
0.000022 12
0.000021 11
0.000022 24
0.000021 15
0.000022 24
0.000022 12
0.000021 14
0.000022 23
0.000022 15
0.000021 24
0.000022 13
0.000021 15
0.000022 24
0.000021 15
0.000022 24
0.000021 13
0.000022 14
0.000021 24
0.000021 15
0.000022 13
0.000022 24
0.000022 15
0.000021 24
0.000021 15
0.000022 24
0.000022 13
0.000021 15
0.000021 24
0.000022 15
0.000021 13
0.000022 24
0.000021 15
0.000021 24
0.000022 15
0.000021 11
0.000022 24
0.000021 15
0.000021 24
0.000023 13
0.000022 24
0.000021 13
0.000022 15
0.000021 24
0.000052 40
0.000023 18
0.000022 9
0.000021 12
0.000022 7
0.000021 11
0.000022 24
0.000021 15
0.000022 24
0.000022 14
0.000022 12
0.000021 23
0.000021 2
0.001020 82
4.374742 1
0.439999 1
0.368955 1
0.146503 1
0.858703 2
0.000150 6
