[[  1.09375000e-01]
 [  2.44140625e-04]
 [  2.98023224e-05]
 [  8.14907253e-09]
 [  9.99200722e-14]
 [  1.30104261e-14]
 [  1.21759292e-15]
 [  7.61109925e-13]
 [  2.54009677e-17]
 [  3.37288564e-17]]
[[0 0 0 0 0 0 0 0 0 0 0 0 0 0 0 0 0 0 0 0 0 0 0 0 0 0 0 0 0 0 0 0 0 1 1 0 1
  1 1 1 0 0 0 0 0 0 0 0 0 0 0 0 0 0 0 0 0 0 0 0 0 0 0 0 0 0 0 0 0 0 0 0 0 0
  0 0 0 0 0 0 0 0 0 0 0 0 0 0 0 0 0 0 0 0 0 0 0 0 0 0 0 0 0 0 0 0 0 0 0 0 0
  0 0 0 0 0 0 0 0 0 0 0 0 0 0 0 0 0]
 [0 0 0 0 0 0 0 0 0 0 0 0 0 1 0 1 0 0 0 0 0 0 0 0 0 0 0 0 0 0 0 0 1 0 0 0 0
  0 0 0 0 0 0 1 0 0 0 0 0 0 0 0 0 0 0 0 0 0 0 0 0 0 0 0 0 0 0 0 0 0 0 0 0 0
  0 0 0 0 0 0 0 0 0 0 0 0 0 0 0 0 0 0 0 0 0 0 0 0 0 0 0 0 0 0 0 0 0 0 0 0 0
  0 0 0 0 0 0 0 0 0 0 0 0 0 0 0 0 0]
 [0 0 0 0 0 0 0 0 1 0 0 0 1 0 0 1 0 0 0 0 0 0 0 0 0 0 0 0 0 0 0 0 0 1 0 1 0
  0 0 0 0 0 0 0 0 0 1 0 0 0 0 0 1 1 1 0 0 0 0 0 0 0 0 0 0 0 0 0 0 0 0 0 0 0
  0 0 0 0 0 0 0 0 0 0 0 0 0 0 0 0 0 0 0 0 0 0 0 0 0 0 0 0 0 0 0 0 0 0 0 0 0
  0 0 0 0 0 0 0 0 0 0 0 0 0 0 0 0 0]
 [0 1 0 0 0 0 0 0 1 0 0 0 0 0 0 1 1 0 1 0 0 1 0 0 0 0 0 0 0 0 0 0 0 0 0 0 0
  0 0 0 0 1 0 1 0 0 0 0 0 0 0 0 1 0 0 1 0 1 0 1 0 0 0 0 0 0 0 0 0 0 0 0 0 0
  0 0 0 0 0 0 0 0 0 0 0 0 0 0 0 0 0 0 0 0 0 0 0 0 1 0 0 0 0 0 0 0 0 0 0 0 0
  0 0 0 0 0 0 0 0 0 0 0 0 0 0 0 0 0]
 [0 1 0 0 0 0 0 0 0 0 0 0 0 0 0 0 0 0 1 0 0 1 1 1 0 0 0 1 0 1 0 0 0 0 0 0 0
  0 1 1 0 0 0 0 1 0 0 0 0 0 0 0 0 0 0 1 0 1 0 0 0 0 0 1 0 0 0 0 0 0 0 0 0 0
  0 0 0 0 0 1 0 0 0 0 0 0 0 0 0 0 0 0 0 0 0 0 0 0 0 0 0 0 0 0 0 1 0 0 0 0 0
  0 0 0 0 0 1 0 0 0 0 1 0 0 0 0 0 0]
 [0 0 0 0 0 0 1 0 0 0 0 0 0 0 0 0 1 1 1 1 1 0 1 0 0 1 1 0 1 0 0 1 0 1 0 0 0
  0 1 1 0 0 0 0 0 0 0 1 1 0 0 0 1 0 1 1 0 0 1 0 1 0 0 0 0 0 0 0 0 0 0 0 1 0
  0 0 0 0 1 0 1 0 0 1 0 0 0 0 0 0 0 0 0 0 0 1 0 0 0 1 0 0 0 0 0 0 0 0 0 0 0
  0 0 0 0 0 0 0 1 0 0 0 0 0 0 0 0 0]
 [0 0 0 0 1 0 0 0 0 0 0 0 1 0 0 0 0 0 0 0 0 0 1 0 1 0 1 0 1 1 0 0 0 0 0 0 0
  0 1 0 0 1 0 1 0 0 0 1 1 1 0 1 1 0 0 0 0 0 0 0 0 0 0 0 0 1 1 0 1 0 1 0 1 0
  0 0 0 1 0 1 0 0 1 0 0 0 0 0 0 0 0 0 1 0 0 1 0 0 1 0 0 0 1 0 0 0 0 0 0 0 0
  0 0 0 0 0 0 0 0 0 0 0 0 0 0 0 1 1]
 [1 1 1 0 0 1 0 1 0 1 1 0 1 0 1 1 1 0 0 0 0 0 0 0 0 0 0 1 1 0 1 1 0 0 1 1 0
  0 1 0 0 0 0 0 0 0 0 0 1 1 1 0 1 0 0 1 0 0 0 0 0 0 0 0 0 0 0 0 0 0 0 0 0 0
  0 1 0 0 0 0 1 0 0 1 1 0 1 0 0 1 0 1 0 0 1 1 0 0 0 0 0 0 0 0 0 1 0 0 0 0 0
  0 1 1 0 1 1 0 0 0 0 0 0 0 0 0 0 0]
 [1 1 0 0 0 0 1 1 0 0 0 1 0 0 0 1 0 0 1 0 0 1 0 0 1 0 0 1 0 0 1 1 1 0 0 0 1
  0 1 0 0 0 0 0 1 1 0 1 1 0 1 0 1 0 1 0 0 1 0 1 0 0 0 0 0 1 1 1 1 0 1 1 0 0
  1 0 0 0 1 0 0 1 1 0 0 1 0 1 0 1 0 0 1 0 0 0 0 0 0 0 0 0 1 0 1 0 0 0 1 0 0
  0 0 0 0 0 0 0 1 1 0 0 0 0 0 0 0 0]
 [1 1 0 1 0 0 1 0 0 1 0 0 0 1 1 0 0 1 1 1 1 1 1 0 1 0 0 0 1 0 0 0 0 0 0 0 1
  0 0 0 0 1 1 0 0 0 1 0 1 1 1 0 1 0 0 1 1 1 1 0 0 0 0 0 0 0 1 0 0 0 1 1 0 0
  1 0 1 0 1 1 0 0 0 0 0 0 1 1 0 0 0 0 0 1 1 0 1 1 0 1 0 0 1 0 0 0 1 0 1 0 1
  1 1 0 1 0 0 0 0 1 0 0 0 0 0 0 0 0]
 [1 1 0 0 1 0 1 0 1 0 1 0 0 0 1 0 0 0 1 1 1 0 1 0 1 1 1 0 1 0 1 1 1 1 0 1 1
  1 1 0 0 1 1 0 0 1 1 0 1 1 0 0 0 0 0 0 1 1 1 1 1 0 1 0 1 0 0 0 1 0 1 1 0 0
  0 0 0 1 0 0 0 0 1 0 1 0 1 1 1 0 0 0 0 0 0 1 1 0 0 0 1 0 0 0 0 0 1 0 0 0 0
  0 0 0 0 0 1 0 1 1 0 1 1 1 0 1 1 0]]
1.65726383457e-77
